0 5 8 4 5 3 6 3 4 0 2 3 5 8 4 5 3 6 3 4
5 0 7 3 7 2 4 1 6 9 4 1 3 5 2 6 8 9 2 4
3 5 0 4 5 3 6 3 4 0 2 3 5 8 4 5 3 6 3 4
5 6 7 0 7 2 4 1 6 9 4 1 3 5 2 6 8 9 2 4
3 5 8 4 0 3 6 3 4 0 2 3 5 8 4 5 3 6 3 4
5 6 7 3 7 0 4 1 6 9 4 1 3 5 2 6 8 9 2 4
3 5 8 4 5 3 0 3 4 0 2 3 5 8 4 5 3 6 3 4
5 6 7 3 7 2 4 0 6 9 4 1 3 5 2 6 8 9 2 4
3 5 8 4 5 3 6 3 0 0 2 3 5 8 4 5 3 6 3 4
5 6 7 3 7 2 4 1 6 0 4 1 3 5 2 6 8 9 2 4
3 5 8 4 5 3 6 3 4 0 0 3 5 8 4 5 3 6 3 4
5 6 7 3 7 2 4 1 6 9 4 0 3 5 2 6 8 9 2 4
3 5 8 4 5 3 6 3 4 0 2 3 0 8 4 5 3 6 3 4
5 6 7 3 7 2 4 1 6 9 4 1 3 0 2 6 8 9 2 4
3 5 8 4 5 3 6 3 4 0 2 3 5 8 0 5 3 6 3 4
5 6 7 3 7 2 4 1 6 9 4 1 3 5 2 0 8 9 2 4
3 5 8 4 5 3 6 3 4 0 2 3 5 8 4 5 0 6 3 4
5 6 7 3 7 2 4 1 6 9 4 1 3 5 2 6 8 0 2 4
3 5 8 4 5 3 6 3 4 0 2 3 5 8 4 5 3 6 0 4
5 6 7 3 7 2 4 1 6 9 4 1 3 5 2 6 8 9 2 0